0.5 15
11 12 2 2

Coordinates
1       15.447      16.032
2       20.052      4.9147
3       4.3297      20.637
4       2.0966      10.306
5       9.4276      2.4311
6       -6.7878     16.032
7       15.447      -6.2028
8       -0.46535    0.12824
9       -11.393     4.9147
10      4.3297      -10.808
11      -6.7878     -6.2028
EndCoordinates

Elements
1 3 6 4
2 4 6 9
3 3 4 1
4 9 11 8
5 8 11 10
6 9 8 4
7 4 8 5
8 5 8 10
9 4 5 1
10 10 7 5
11 2 1 5
12 7 2 5
EndElements

Dirichlet
3           20
6           20
EndDirichlet

Neumann
10          8
11          8
EndNeumann
